
[  0]  0 0.9999/0.6856/     0	
[  1]  0 0.9999/0.6776/     0	
[  2]  0 0.9999/0.6806/     0	
[  3]  0 0.9999/0.6997/     0	
[  4]  0 0.9999/0.6772/     0	
[  5]  0 0.9999/0.6822/     0	
[  6]  0 0.9999/0.6896/     0	
[  7]  0 0.9999/0.6851/     0	
[  8]  0 0.9999/0.7001/     0	
[  9]  0 0.9999/ 0.696/     0	
[ 10]  0 0.9999/0.6886/     0	
[ 11]  0 0.9999/ 0.688/     0	
[ 12]  0 0.9999/0.6965/     0	
[ 13]  0 0.9999/0.6808/     0	
[ 14]  0 0.9999/0.7007/     0	
[ 15]  0 0.9999/0.8839/     0	
[ 16]  0 0.9999/0.8867/     0	
[ 17]  0 0.9999/0.8903/     0	
[ 18]  0 0.9999/   0.9/     0	
[ 19]  0 0.9999/0.8902/     0	
[ 20]  0 0.9999/0.8918/     0	
[ 21]  0 0.9999/0.8813/     0	
[ 22]  0 0.9999/0.8746/     0	
[ 23]  0 0.9999/0.8794/     0	
[ 24]  0 0.9999/0.8807/     0	
[ 25]  0 0.9999/0.8864/     0	
[ 26]  0 0.9999/0.8781/     0	
[ 27]  0 0.9999/0.8764/     0	
[ 28]  0 0.9999/0.8697/     0	
[ 29]  0 0.9999/0.8685/     0	
[ 30]  0 0.9999/0.8651/     0	
[ 31]  0 0.9999/0.8626/     0	
[ 32]  0 0.9999/0.8633/     0	
[ 33]  0 0.9999/0.8649/     0	
[ 34]  0 0.9999/0.8616/     0	
[ 35]  0 0.9999/0.8598/     0	
[ 36]  0 0.9999/ 0.853/     0	
[ 37]  0 0.9999/0.8433/     0	
[ 38]  0 0.9999/0.8478/     0	
[ 39]  0 0.9999/0.8471/     0	
[ 40]  0 0.9999/0.8468/     0	
[ 41]  0 0.9999/0.8382/     0	
[ 42]  0 0.9999/0.8346/     0	
[ 43]  0 0.9999/0.8308/     0	
[ 44]  0 0.9999/0.8282/     0	
[ 45]  0 0.9999/0.8241/     0	
[ 46]  0 0.9999/ 0.816/     0	
[ 47]  0 0.9999/0.8144/     0	
[ 48]  0 0.9999/ 0.805/     0	
[ 49]  0 0.9999/0.8053/     0	
[ 50]  0 0.9999/0.7918/     0	
[ 51]  0 0.9999/0.7988/     0	
[ 52]  0 0.9999/0.7924/     0	
[ 53]  0 0.9999/ 0.789/     0	
[ 54]  0 0.9999/0.7885/     0	
[ 55]  0 0.9999/0.7776/     0	
[ 56]  0 0.9999/0.7705/     0	
[ 57]  0 0.9999/0.7665/     0	
[ 58]  0 0.9999/0.7633/     0	
[ 59]  0 0.9999/0.7649/     0	
[ 60]  0 0.9999/  0.74/     0	
[ 61]  0 0.9999/0.7423/     0	
[ 62]  0 0.9999/0.7335/     0	
[ 63]  0 0.9999/0.7272/     0	
[ 64]  0 0.9999/0.7211/     0	
[ 65]  0 0.9999/0.7085/     0	
[ 66]  0 0.9999/0.7171/     0	
[ 67]  0 0.9999/0.7012/     0	
[ 68]  0 0.9999/0.6883/     0	
[ 69]  0 0.9999/0.6812/     0	
[ 70]  0 0.9999/ 0.667/     0	
[ 71]  0 0.9999/0.6534/     0	
[ 72]  0 0.9999/0.6487/     0	
[ 73]  0 0.9999/0.6413/     0	
[ 74]  0 0.9999/0.6288/     0	
[ 75]  0 0.9999/0.6259/     0	
[ 76]  0 0.9999/0.6149/     0	
[ 77]  0 0.9999/0.5873/     0	
[ 78]  0 0.9999/0.5808/     0	
[ 79]  0 0.9999/0.5712/     0	
[ 80]  0 0.9999/0.5592/     0	
[ 81]  0 0.9999/0.5363/     0	
[ 82]  0 0.9999/0.5266/     0	
[ 83]  0 0.9999/0.5136/     0	
[ 84]  0 0.9999/0.4894/     0	
[ 85]  0 0.9999/0.4779/     0	
[ 86]  0 0.9999/0.4434/     0	
[ 87]  0 0.9999/ 0.432/     0	
[ 88]  0 0.9999/   0.4/     0	
[ 89]  0 0.9999/0.3887/     0	
[ 90]  0 0.9999/0.3627/     0	
[ 91]  0 0.9999/0.3394/     0	
[ 92]  0 0.9999/0.3076/     0	
[ 93]  0 0.9999/0.2813/     0	
[ 94]  0 0.9999/0.2574/     0	
[ 95]  0 0.9999/0.2155/     0	
[ 96]  0 0.9999/0.1673/     0	
[ 97]  0 0.9999/0.1264/     0	
[ 98]  0 0.9999/0.08546/     0	
[ 99]  0 0.9999/0.04309/     0	
[100]  0 0.9999/0.004498/     0	
[101]  0 0.9999/     0/     0	
[102]  0 0.1628/0.8372/     0	
cd_count: 0

gc_count: 1
space amplification: 3.037
write amplification: 1
used zones:103
garbage collection for zone 18
